REF mechanism
ternary_tree, loaded 206849 words in 0.131372 sec
168.960571
190.622091
193.931580
185.710907
192.188263
193.813324
182.869673
186.189413
196.349144
189.973831
182.521105
179.620981
178.349495
180.317163
171.427488
170.480251
171.414137
172.800779
164.309740
170.910597
181.393385
180.894375
171.176195
166.372061
164.818048
167.969465
170.218945
164.230585
164.654016
169.729948
174.234390
166.198492
182.327986
173.197031
163.848162
164.731026
178.220034
173.940420
182.147026
170.890093
170.027256
166.234016
166.675091
169.904947
165.668726
164.258957
166.142464
173.060656
178.049564
185.609102
169.011593
169.655561
164.813042
168.961048
172.006845
165.391207
169.152737
175.760269
167.761087
166.396379
168.111801
172.481060
166.060209
179.763317
187.710524
175.960779
171.531677
166.475773
168.138981
171.020269
166.103601
165.101290
172.238827
168.246269
175.014019
166.277409
170.525789
166.516781
169.610023
168.877840
178.967476
179.515600
164.500713
172.571182
166.591167
165.124416
164.375544
164.189100
165.081501
167.341709
166.552782
164.952040
172.049999
164.924622
170.258999
170.644522
171.254873
167.019606
178.940058
164.836884
174.181700
174.926043
168.048143
166.103363
166.575909
165.431976
166.212797
173.437834
183.791161
176.410437
171.705246
168.492794
166.227102
169.134378
165.430784
165.868759
164.399624
165.253639
168.186665
172.154427
164.689779
165.125608
164.116621
165.070534
164.093971
170.553446
167.999983
168.777704
172.645092
170.217991
164.105654
173.384428
178.994894
166.886806
166.297674
170.842886
165.927172
172.923803
171.020746
167.770863
191.095829
175.225258
165.289164
165.978909
166.784048
171.653271
187.566519
186.258793
175.617456
167.067766
165.865660
168.215513
173.103571
174.572229
182.512045
165.833712
166.326046
164.364576
165.287495
164.882898
169.255733
164.820433
165.872335
177.500725
179.625273
181.555033
168.634653
175.607443
165.163279
166.462421
165.063620
182.958126
179.067612
183.015823
176.205397
170.634031
170.729637
181.011438
183.781624
183.680058
176.210165
176.469564
175.730467
175.905466
164.885759
165.804148
178.899527
176.305532
165.147066
180.748701
165.566683
170.744896
165.359974
168.933630
165.891409
167.822123
166.290760
166.532040
172.609568
170.752048
174.341917
168.052673
168.258905
166.985035
167.540073
169.963837
166.542768
174.437523
178.098202
183.274031
175.913811
166.002750
172.278881
167.807341
171.153069
171.862602
172.477722
167.097807
168.297529
167.303085
169.527769
174.098015
168.213844
166.951656
175.374508
174.872637
167.617321
164.186716
169.613600
164.488077
183.758497
169.093609
171.569347
183.647156
170.661688
166.753054
167.108774
164.965391
169.291496
176.898003
172.811985
169.749260
175.151587
168.955803
164.989471
164.673328
166.753054
178.437948
166.033745
168.256283
181.524038
176.467180
168.692112
170.751572
182.985783
184.584379
169.315100
169.414520
165.682077
171.449661
173.337936
182.883024
177.195787
167.203665
168.058395
171.082497
180.027723
185.919285
177.329302
172.961235
179.016113
173.681021
186.213970
180.984974
168.743610
166.806459
173.109770
172.480106
176.025391
171.268463
166.833162
189.309597
168.165445
164.194345
167.411804
166.623116
196.295023
175.304651
173.342466
170.691490
165.693998
174.952030
171.663046
167.022705
172.445774
168.394566
165.626287
166.097641
166.529655
181.326389
