REF mechanism
ternary_tree, loaded 206849 words in 0.136097 sec
169.318438
188.788652
177.886963
176.801682
166.123390
167.077065
175.360680
171.550751
173.256159
176.278353
169.320345
175.751925
164.650202
168.540955
163.585901
171.321630
179.584742
169.153929
164.858341
180.925608
169.052362
165.444613
173.062563
169.909954
186.574459
186.203003
168.279648
178.521872
166.389465
166.146278
173.483610
172.393322
173.305035
187.574625
168.679237
166.301966
166.481733
172.019720
173.772812
165.096521
165.973663
171.129942
167.116880
166.217089
168.824911
165.543795
177.814722
182.502270
186.275959
166.123629
165.286541
168.139696
166.333675
165.766954
168.141365
168.733597
180.561781
167.197704
168.197632
166.847229
173.244953
167.875051
168.189764
176.909208
164.995909
164.850712
171.624660
180.631876
177.572727
170.753956
167.097807
166.177273
166.099787
170.071602
164.830446
168.588400
170.031786
168.279171
170.542002
167.111874
165.335178
180.057526
185.592651
175.291300
164.667368
168.879271
166.487932
166.586876
165.626287
183.345795
168.837070
165.373325
166.130304
165.163517
165.036201
173.331022
167.816639
166.111708
176.292896
189.249516
189.910889
171.486378
164.590120
165.204763
182.826757
186.072111
180.335283
182.192802
170.862198
164.234400
164.192438
180.477142
171.564341
167.003632
165.480614
166.043520
173.211575
164.341927
166.718721
164.838791
165.206909
165.444136
163.903952
165.299892
176.043749
180.632830
188.559532
177.320242
168.179750
164.494753
166.485310
165.790558
165.129662
165.655136
164.004803
182.300329
172.879219
166.650772
166.927099
167.078495
166.677952
166.025639
168.820143
179.739475
171.555281
164.092064
165.764332
180.276871
175.321102
177.902699
168.974161
171.274662
167.566538
167.650461
172.667503
182.001829
179.013491
165.675640
167.136669
168.255091
166.836739
165.841818
165.210724
165.982246
184.304476
179.597616
167.675972
167.905092
167.390823
167.599916
168.559313
170.165062
181.674004
177.355528
166.401148
168.604136
167.323589
177.316189
166.330576
166.203499
167.741537
168.972254
191.370487
172.897100
166.946411
166.949034
167.237043
167.901039
167.973042
174.663782
171.266079
165.241003
167.753220
166.050434
168.925524
176.168442
166.501522
165.134192
177.743196
172.117949
178.682327
173.118830
187.785149
170.065880
166.597128
174.606085
182.746410
167.207003
166.182280
166.232824
165.437460
165.508747
170.796156
169.756174
166.438103
166.984081
168.227434
178.047180
170.207500
165.984392
166.965008
178.837299
166.656017
174.359083
171.316862
166.855812
165.390015
182.128906
186.682940
170.619726
169.744492
178.715944
172.195673
181.686401
188.908815
170.438528
165.922403
165.556431
166.875124
167.991877
166.967154
170.141459
178.782225
166.786671
167.072773
175.849676
166.810989
169.003010
166.393757
168.586493
168.037415
168.768883
166.314363
172.409534
165.919304
172.012568
166.770220
169.394493
168.710470
169.172287
179.118156
190.910339
183.490038
174.056053
167.597294
166.388988
166.523457
174.352407
171.401739
167.374611
169.581652
167.466640
166.694880
169.898987
175.738573
168.555975
170.658350
169.820309
170.106173
169.721842
166.949034
175.806522
181.789875
178.638458
171.438694
165.936947
170.871258
166.495800
168.836355
169.001102
188.443661
182.066917
171.144485
169.954777
178.824425
172.279835
167.346716
174.038410
181.226730
169.403791
