REF mechanism
ternary_tree, loaded 206849 words in 0.125737 sec
167.295456
171.558857
183.062315
186.048031
188.089848
183.703423
170.961380
174.307346
190.984011
183.687925
168.356180
166.315794
167.077780
191.277981
187.520504
180.305958
183.893919
166.200399
171.714544
170.516014
165.910244
165.884972
166.557789
169.025898
167.366266
166.707277
169.850826
182.466745
168.402433
173.413992
175.125360
173.297167
165.376663
170.538902
167.514801
170.799017
175.298691
170.449495
164.925098
176.480293
184.166908
178.339243
172.206402
169.108868
170.843601
174.006462
168.191671
171.407461
167.341471
165.921926
166.400909
170.503139
181.392193
172.610760
169.211864
165.497303
165.422440
167.373419
171.734333
171.230316
183.950186
182.419777
164.932966
180.792809
176.812410
175.810814
186.949730
187.186956
184.345961
165.306807
167.735338
167.284489
166.113853
165.385723
165.668726
165.931702
169.471502
171.108484
166.927338
182.036400
170.960665
176.070929
168.883324
174.073935
169.174910
166.351557
167.474031
165.975571
168.726921
167.914867
176.002264
166.922569
166.920900
166.822672
170.744896
174.408913
172.565699
166.753292
166.039467
166.525364
169.840574
169.907570
167.243481
167.072296
173.640251
190.181255
171.983242
170.214891
165.250540
168.184996
165.889025
166.974783
170.749426
176.058769
165.116549
165.353537
181.607246
177.626371
173.752546
177.953005
182.327986
166.613817
174.559116
184.561729
164.593935
164.257765
181.064367
188.524961
177.118063
168.056488
167.529583
165.827751
167.463779
166.012764
164.778233
170.200825
167.395115
168.244600
168.067694
169.125795
168.613911
168.900490
171.986341
167.793989
174.778700
182.099819
170.691252
166.649580
165.878296
168.247461
166.244507
165.386915
168.644190
168.878317
168.001890
167.176008
166.020393
181.311607
181.423664
169.316053
173.869848
171.066046
167.479992
166.974306
167.633295
167.625904
166.091204
165.605307
167.562008
165.760756
170.746088
174.270868
167.869091
169.656992
168.401241
174.115181
170.281410
165.706873
172.282696
182.245970
168.355942
169.488668
169.691086
167.086363
177.566767
182.731628
168.866634
167.949200
171.864986
167.655468
167.979479
167.831898
168.037176
176.591158
168.087959
167.701244
170.200825
173.747778
170.315266
167.921543
167.688131
169.506550
175.849199
184.675217
166.223049
166.595459
165.092945
164.602280
169.038534
167.265654
166.270256
169.873714
168.779850
172.870398
186.367750
179.333925
171.907902
169.968843
174.735069
181.363583
184.762239
178.547621
170.528412
171.327591
168.032646
166.573524
179.315090
170.658350
172.578096
171.658278
166.824579
175.003290
184.353352
168.269873
168.314457
168.632030
168.597698
168.300390
168.252945
165.866375
173.819780
167.999268
166.200161
173.044443
169.102430
170.351982
171.054840
167.546272
181.132555
166.402340
176.445007
179.511786
170.017481
169.381380
168.292046
181.285620
170.705795
168.995380
167.332888
165.191650
164.346933
166.607141
164.891720
168.250799
172.449112
165.028811
166.881800
166.780710
165.475607
166.889429
167.911768
165.200233
165.446997
166.478634
165.678978
166.468143
179.187775
185.434818
174.093723
175.339460
166.006327
170.906544
167.360306
167.926788
194.547892
168.437481
166.798353
173.354864
170.823812
164.624691
169.575453
165.458441
168.213606
169.751644
166.227818
167.062521
165.062189
166.609049
164.853573
170.581818
