REF mechanism
ternary_tree, loaded 206849 words in 0.135008 sec
194.625378
203.529119
209.129572
200.264454
208.077192
206.717253
197.426319
197.060347
205.036640
204.403400
196.335316
200.204372
195.984840
196.044683
207.906723
196.382046
195.297718
199.396372
195.453882
197.721004
198.130846
193.834782
194.110632
202.165365
199.290514
196.369648
198.393345
193.906069
194.471121
199.602127
194.541454
193.886518
214.173555
195.702791
197.973967
204.816818
196.603537
196.213961
205.158234
198.641062
197.231054
199.027777
196.984291
194.849014
200.485706
193.202257
195.116282
199.568033
196.057796
200.009823
200.398922
195.873976
195.224047
200.141907
197.747707
195.693016
197.200060
196.607113
195.528269
196.759224
206.204891
198.780298
196.165800
195.978880
201.128721
195.431471
193.958282
193.543911
194.433451
195.048332
192.944765
195.214510
194.145203
194.742441
194.120646
194.685459
194.699049
195.732832
196.400642
195.807219
197.301388
195.219994
195.405960
196.633577
195.228100
196.466446
195.842743
197.218418
196.425676
195.408583
196.768284
196.360350
195.750713
195.378304
194.685459
197.289705
222.761869
195.737362
195.206642
194.466829
198.372126
195.653439
195.116758
197.419882
198.990345
200.946569
196.136236
194.154263
210.893393
210.202932
217.358351
203.377247
200.853586
226.931572
203.331947
215.956688
209.479094
215.273619
212.528706
216.061354
217.525005
211.802483
202.736855
200.928688
207.010031
197.863579
197.198153
200.914145
197.067976
199.382305
200.753689
195.533037
208.048105
220.010757
218.116045
202.340126
202.999830
214.316130
204.135418
230.432272
200.199842
204.363585
203.624964
203.940153
212.405682
202.234983
199.850559
208.149672
203.108311
203.095675
201.375961
198.424816
197.973728
200.736284
199.348688
196.289301
201.459169
265.839338
208.700418
204.728603
195.475340
195.721388
202.936888
197.778463
197.643518
214.236259
197.057962
196.874857
202.862740
196.799994
200.742722
202.152491
206.922531
201.908112
199.754477
194.799900
196.379662
196.584463
199.237108
195.654392
195.399523
196.305752
195.624828
197.389603
208.514690
201.942444
197.041035
196.474314
198.870182
198.651075
198.587656
197.269201
195.364714
198.536158
199.107647
197.547197
196.779966
195.791721
197.934389
195.471287
196.220636
197.561026
196.598530
197.302818
195.796490
195.465088
195.833206
201.512814
198.043346
200.688124
197.480440
212.893724
196.463823
196.450949
196.650982
196.336031
196.374178
195.175648
196.663380
198.039055
196.837187
197.387695
196.563721
196.881294
197.765350
197.231531
197.631836
196.192265
196.313858
196.262836
195.456982
196.682215
196.789742
196.385622
198.066711
196.695089
196.115255
197.455645
196.336746
205.239534
204.893112
196.083069
197.141171
196.619749
221.336603
199.168921
195.486307
195.624113
195.258141
198.631763
196.534634
195.840120
196.704388
195.581198
198.559284
196.403265
197.197676
197.181225
195.995808
202.914476
196.067095
194.914579
196.526289
198.000193
197.515011
198.482513
195.016146
196.086407
196.109295
198.537827
196.127415
209.257603
196.983814
196.765900
196.902752
192.764759
195.094824
195.258617
194.931030
197.016716
195.403814
196.322203
195.120096
196.184158
196.631193
196.208239
196.682692
196.558714
196.661711
196.447611
195.826292
198.675871
195.446491
195.861101
195.454121
196.707010
196.578979
195.414782
195.507288
198.581934
