REF mechanism
ternary_tree, loaded 206849 words in 0.107491 sec
66.775322
24.806976
23.870468
23.798227
24.906158
23.367405
23.593664
23.105860
23.081541
23.274899
22.884369
23.069859
23.017883
23.028374
25.609732
24.468422
22.865534
24.214029
23.748636
46.619654
28.321505
22.862196
23.090124
23.071289
22.988558
23.145676
23.022413
23.088455
23.222923
23.159504
23.044348
22.746325
22.898674
25.137424
25.068045
24.066210
24.036884
23.395061
23.667336
24.502039
23.594141
23.103476
23.011208
22.774696
22.925615
23.107529
23.008108
22.912264
23.008347
23.938179
23.764372
23.713112
34.609318
34.128189
24.091721
23.088694
23.012161
23.125410
23.418427
23.153782
23.010969
23.050070
23.010015
23.042440
23.037672
23.031473
23.846865
24.109125
24.033308
29.690742
27.541637
23.067951
24.743319
23.847580
23.131847
22.900581
23.645163
23.391724
22.984028
22.910595
22.814751
24.140120
23.243904
22.829056
23.039579
23.169994
22.857428
22.841454
22.808790
22.794008
22.695303
23.844957
25.471449
23.953199
23.341656
22.981644
22.767782
22.934675
23.099184
23.180962
23.431778
23.703575
23.760319
23.813009
23.077011
22.917271
23.584604
23.260355
23.230076
23.137808
22.994518
23.465395
24.972439
23.550749
23.804426
23.483753
23.048878
22.925377
23.460865
23.478985
23.298264
24.930000
23.059845
22.990942
23.613453
23.044109
23.030996
23.138523
31.457901
47.994852
26.140690
24.848461
24.378777
23.630857
25.830507
23.618937
23.320198
23.490667
23.658991
23.172855
23.293257
23.073196
24.225950
24.501562
23.106813
23.099661
23.967266
23.442030
23.362160
22.937059
25.427580
23.602724
22.949934
23.114681
22.963762
23.111105
23.059368
22.985220
23.208380
23.035765
22.830963
23.235798
23.090124
22.938728
22.791147
25.072336
24.724483
24.574041
23.264170
23.848772
25.150537
23.446560
22.927523
23.063421
23.073435
23.219585
23.779392
23.037672
23.070574
24.288893
23.176670
22.942305
22.934437
23.207664
23.012877
23.001909
23.566723
23.223400
23.122549
23.629427
24.421692
23.260117
22.876740
23.015022
22.981882
23.038149
22.975922
23.083448
34.204960
23.369551
23.680925
22.928715
23.105860
24.759531
23.103714
23.034334
22.744656
22.922039
23.159742
24.920702
23.924112
23.047209
24.511814
22.994757
22.988796
22.879839
23.030281
22.845745
22.810936
22.782326
22.896528
23.010969
22.928953
22.752523
23.325443
22.962570
22.696972
22.758245
22.680521
24.551630
23.785353
23.718596
23.250103
23.749113
23.410320
23.711443
23.178339
23.015261
22.795677
22.862434
22.769213
23.028851
22.853136
22.695065
22.965431
23.781300
24.035692
22.924662
22.895336
24.460793
23.854494
22.878647
22.861004
22.845745
22.919178
23.329258
22.787333
23.770571
23.288012
22.970676
22.889614
22.774220
22.976875
22.996664
23.468018
23.758650
22.990704
23.481131
22.950172
25.262117
24.346352
23.146629
23.633718
23.137569
23.022175
23.059130
23.031712
22.921562
22.915363
24.258852
23.369789
23.209810
22.976160
23.220778
22.989035
22.990704
22.857189
23.037434
23.375511
24.734497
24.013519
23.257017
22.931814
22.952080
22.905111
22.833347
22.660971
22.983789
24.130583
23.122311
