REF mechanism
ternary_tree, loaded 206849 words in 0.110923 sec
67.504644
24.549007
23.522854
23.115635
28.209448
23.931265
24.498701
23.582697
24.001360
23.447514
23.478031
23.232222
23.308754
23.440838
26.541948
24.080753
23.383856
23.401022
23.256063
23.326159
24.262428
23.698092
23.849726
23.375511
23.359537
23.355484
23.265123
23.647070
23.210764
23.314238
23.396015
23.347616
23.245335
23.104906
26.183605
24.065495
23.366451
24.066210
23.991346
24.519920
23.446321
23.291588
23.584366
23.424864
23.435354
50.487518
26.495218
23.393393
23.334265
24.159193
23.703098
23.413658
27.600050
24.542809
23.309946
23.266077
23.229837
23.322105
23.300409
24.072886
23.370743
23.328781
24.021387
23.240805
23.329496
23.212433
23.234129
23.308754
23.472309
23.884296
23.985386
24.229765
25.280714
24.085760
23.423433
23.413181
23.291588
40.933132
24.263144
23.262501
23.558378
23.640394
23.479700
23.283005
24.579287
24.631023
24.501085
24.226904
23.788929
23.523569
23.669004
25.686264
23.948431
23.772717
23.565531
23.995638
23.393154
23.653984
23.428440
23.590088
23.938656
23.558617
24.008274
23.921013
23.095846
23.198128
23.390770
23.136854
23.154259
23.051500
23.685455
24.812937
23.345947
23.112535
23.079157
23.152113
23.048162
24.291039
23.358822
23.058653
23.186445
23.122311
23.215771
23.465157
23.231983
23.112774
23.146152
23.158550
23.145914
22.916555
23.293972
24.929762
23.846149
24.227858
24.317503
23.845911
24.411440
23.380041
23.336411
23.606300
23.552179
23.240805
23.507118
23.646593
23.296595
23.251534
23.127794
23.749590
23.421526
23.416281
41.062355
29.181957
23.560762
23.293018
23.375750
23.991346
23.359537
23.383617
23.236513
24.155140
23.453951
23.075819
23.385763
23.582935
23.273945
23.607731
24.115801
23.854256
24.666786
24.989605
24.841547
23.632288
23.606300
23.440838
23.162365
23.279428
23.250341
23.261547
23.306370
23.161411
23.217678
23.253918
23.965359
23.485899
23.129463
23.203850
23.190260
23.305893
23.324251
24.856329
24.208069
23.411989
23.319006
23.255825
23.150682
23.173571
23.143530
23.241997
23.287773
23.503304
23.504019
24.269104
23.371696
23.317337
23.365259
23.202658
23.353338
23.241997
23.297787
24.897099
24.174452
23.204327
23.416758
23.282290
23.164511
24.133921
23.424625
23.243427
23.267031
23.169041
23.218632
23.405075
23.311615
23.297310
23.403406
37.842512
27.103901
23.263454
25.062323
24.326801
23.365021
24.757624
23.701668
24.437666
23.312807
23.357153
24.202824
24.247646
23.531675
23.197412
23.274660
23.304701
23.052692
23.179770
23.396254
26.828289
23.986816
24.847269
44.362783
23.925066
23.196459
23.586273
23.516655
23.395538
23.123503
23.199320
23.214579
23.135662
23.436546
23.614883
23.270845
23.092270
23.088694
23.942232
23.383617
24.396181
23.890018
25.089025
23.910046
23.251534
23.169279
23.157120
23.151398
23.029327
23.264170
23.127317
23.238659
23.336887
23.110867
23.513079
39.978266
24.730921
23.452282
23.425579
23.558140
23.718596
25.414467
23.914576
23.456335
23.308277
23.262739
23.260832
23.236513
23.360014
23.368120
43.135405
24.345875
23.508310
23.437977
23.369551
