REF mechanism
ternary_tree, loaded 206849 words in 0.109414 sec
67.799807
24.264097
23.316383
23.147106
23.195744
24.062395
23.438692
23.322105
22.869110
23.131132
24.616718
23.343325
23.037195
23.608208
26.755333
24.626493
23.211479
22.933722
23.087025
23.058414
23.967505
23.093462
24.021387
23.570538
24.409056
23.549557
23.739576
23.330927
23.297787
23.855209
29.632568
55.657387
61.830282
34.636021
27.033567
67.338705
55.085182
24.635315
24.199486
23.777246
23.501635
23.569107
23.478270
23.432493
23.602009
23.533583
23.345232
26.171923
24.542570
23.789644
24.407148
23.475409
23.502588
23.609400
23.279905
23.357153
23.363590
23.497343
23.277044
23.298025
23.172617
23.632765
23.459196
23.453236
24.105072
23.638964
24.348974
24.923801
23.696184
24.190664
23.701429
24.179459
47.411919
27.212858
23.464918
23.384809
23.497820
23.364782
23.114204
23.596525
23.860216
23.788452
23.674488
23.440599
23.303986
25.195599
23.970127
23.276567
23.591995
23.668051
23.379803
23.609638
23.503542
23.421049
23.410559
24.502754
23.775816
23.651838
23.465872
23.497820
23.492813
23.368597
23.468733
24.661064
25.522947
25.149584
23.645163
23.263454
23.438931
23.213148
23.354769
23.308039
24.697065
24.055004
24.607420
23.687601
23.400307
23.463964
23.433924
23.419142
24.190187
23.449421
23.394108
23.446083
24.470091
24.721861
23.594379
23.336172
24.210930
23.608208
23.309469
23.457527
23.338795
23.478270
23.396492
23.596525
23.444891
23.336887
23.367167
23.137331
23.379564
23.401499
23.219109
23.286819
25.151014
26.385546
23.569822
24.353981
23.552895
23.502350
23.469687
23.519993
23.203850
24.063349
24.072886
24.311781
23.842096
23.759365
24.254084
23.282290
23.444414
24.075031
23.502827
24.864435
24.940491
23.915768
23.333788
23.677826
24.351835
23.698330
23.470402
23.468971
23.257017
23.530245
23.486614
23.386478
23.600578
23.574114
23.637533
23.807287
23.594141
23.378849
23.534775
25.337934
24.678946
23.371935
23.862362
23.830652
23.507833
23.545980
23.296595
23.375511
23.427010
24.130583
23.493767
23.217440
23.114443
23.295641
23.449659
23.094893
23.525953
23.169041
23.098230
25.494337
23.986101
23.455143
23.151159
23.101807
23.049831
23.325205
24.879217
23.479939
24.662018
23.917198
25.272131
23.365498
23.478508
23.223877
23.248672
24.671316
24.153948
23.755789
25.469065
24.751902
23.522615
23.397684
24.261713
23.429871
23.014545
23.084641
23.217678
23.396492
23.128033
23.116589
23.269176
23.283958
23.802996
23.338318
23.167849
23.215771
23.103237
23.050785
25.017500
24.741411
23.333073
23.915052
23.290634
23.302317
23.431540
23.124456
23.108482
23.174763
23.236275
23.144245
23.174763
23.037434
23.190260
23.052931
23.019552
24.063587
23.797274
23.127556
25.881052
24.061203
23.303032
23.163080
23.684025
23.253918
23.030758
23.141146
23.153305
23.162127
23.085594
23.061275
23.060083
23.134708
23.564816
23.394346
23.793936
23.236990
23.262739
23.692369
25.340319
23.544312
23.250580
23.870468
23.354769
23.336649
23.412943
23.214102
26.629210
23.602009
24.272680
23.421526
23.506403
23.293495
23.139954
23.264408
23.345470
24.084091
