REF mechanism
ternary_tree, loaded 206849 words in 0.123366 sec
81.349134
26.184082
24.590731
24.756193
26.089430
24.806499
43.605804
24.931431
25.183201
24.773836
24.476767
24.536610
27.717352
25.859594
24.525642
24.371862
24.678230
25.122643
24.753094
25.393248
24.635315
25.193930
24.760008
24.612427
24.816036
24.496555
24.561882
24.590492
24.416685
24.525642
24.534225
28.958082
25.466681
24.554491
24.613380
24.464846
24.535418
24.492264
24.454594
24.638891
24.547815
24.659634
24.488211
24.518728
24.590254
24.492264
24.436235
24.438143
24.578333
26.596069
45.545578
26.444912
24.600744
24.487019
24.486303
25.312424
24.768114
24.911165
24.582148
24.646282
24.480104
24.484158
25.266886
24.824381
24.456978
24.576664
24.585962
24.366379
26.026487
26.944399
25.163412
24.667978
24.487257
25.939941
25.713205
24.826527
24.761677
24.588346
24.621487
24.754286
25.732279
25.018454
25.138617
24.923086
25.159121
25.379658
24.856091
27.153015
25.982380
24.869919
24.762392
24.636030
24.557114
25.112629
24.706602
24.663687
24.633646
24.665594
24.672508
25.289536
25.074005
24.604082
25.352955
24.725676
24.736404
24.727821
26.744843
25.360107
24.652481
25.494337
24.779797
25.471449
25.024652
25.527000
24.790525
24.663687
24.776220
24.632692
24.754763
25.003433
25.333166
24.941683
24.506569
24.686337
24.737597
27.852058
25.299549
26.234150
25.161982
24.955511
24.727345
24.624586
24.615765
24.821997
25.379181
24.934053
25.055170
24.948120
26.257038
24.747133
24.713039
24.755001
25.008202
25.089979
27.832270
25.486708
24.648905
24.598360
24.649858
24.650335
24.663925
24.523973
24.700403
24.727821
24.441957
24.456501
28.749228
25.115967
24.430752
24.532557
24.656057
24.554729
24.954796
26.758909
25.102377
24.698973
24.605513
24.705172
24.528027
25.289059
24.690628
24.573088
25.654793
25.424957
25.394440
24.954796
25.151730
24.732590
24.772406
24.808884
24.707079
24.808884
26.402473
25.436401
24.861813
24.715185
24.559259
24.615288
25.357723
24.627924
24.697304
24.565935
24.817467
24.693727
24.652719
24.660587
25.796652
24.930716
24.649858
25.212765
25.272846
26.660204
25.311947
24.543285
24.734497
26.895285
25.707245
25.457144
24.931192
24.685144
24.628878
24.878979
24.671316
24.682522
24.786711
24.761438
24.722815
24.711370
24.725199
25.939941
26.747227
25.092602
24.621725
24.918556
24.606228
24.541140
24.700880
24.834394
24.637938
24.624348
24.751663
24.667263
24.691105
24.649143
24.596691
24.607897
24.553061
26.227713
25.818110
27.335882
25.547266
24.962187
24.880171
24.706364
25.349855
24.774075
24.734974
24.870634
24.573088
24.693727
24.725437
25.514603
24.751663
24.410963
24.775505
24.756193
24.656057
25.776863
26.355982
25.247812
24.855852
25.140047
25.124550
24.775982
24.487257
24.652481
24.613619
25.610685
25.873184
41.370869
27.420282
24.714947
24.685621
24.799824
24.650812
25.460720
26.707411
25.107861
24.914503
24.702549
24.460316
25.062561
24.799109
24.674177
24.821520
24.621010
24.671316
24.652004
24.579048
24.701834
24.722815
24.711370
52.412748
27.157307
26.845694
24.964094
24.744511
24.711132
25.577784
25.068998
